108
962366	143022866
60277	143070415
182798	143073279
1758105	143090000
602238	143091040
2962078	143253781
2253045	143269138
634169	143277493
1308784	143869314
1561078	144125379
31453	144141116
915691	144727879
2431613	144747450
2420824	144836373
2680715	144967652
1717056	144971609
2277484	145088939
1025129	145340195
3420693	145620893
3295882	146272573
2539767	146280926
1688585	146564403
2281520	146703347
3046780	146988134
988617	147915416
2435421	147939258
1221842	148369720
3041416	148694265
1195444	149142047
2967957	149148129
2605576	150505838
3494026	150604397
1617058	150702386
716386	150977383
1371957	151114748
576698	151220589
82659	151994798
1907923	151994947
2192151	152404452
2298717	152405732
2690466	155373145
1878018	156047997
61939	157773295
220772	160463789
3868703	160654713
2982466	160654755
2274278	160699599
2748939	162200412
852523	165641880
1302295	168163144
2424711	168434051
1972913	168434084
5103281	169097920
1120215	172916023


0
0
0
0
1
151994798
0
108
0
0
0